62,718,735,379,298,251,151,798,106,765,193,261,698,147,871,355,265,305,532,563,032,961,986,106,193,462,719,145,370,965,129,198,747,151,922,423,017,686,450,169,250,738,542,346,583,888,694,696,399,261,834,931,376,628,717,002,220,744,580,080,838,996,477,934,432,988,828,982,603,051,965,206,899,018,515,238,239,480,198,680,750,803,614,002,084,700,735,378,407,188,486,409,515,192,920,744,407,328,696,212,562,658,521
100,244,003,808,276,946,883,226,097,990,073,341,614,565,952,792,944,918,966,221,032,726,051,291,989,843,133,364,101,423,402,208,366,094,603,250,782,192,107,322,280,341,843,696,644,642,134,924,406,133,377,575,580,116,023,024,262,206,932,607,966,149,705,518,566,159,645,342,959,165,010,137,260,928,978,186,939,709,501,901,812,687,467,632,007,460,893,171,585,644,102,653,697,802,837,655,185,927,043,447,722,415,571
151,500,937,658,501,754,863,288,677,122,421,188,191,006,121,933,636,329,858,021,181,818,399,979,861,093,085,156,918,386,483,854,318,106,397,020,651,032,910,285,558,733,823,529,355,370,069,252,138,040,180,543,809,965,947,145,513,405,367,789,784,268,019,921,367,291,809,113,060,978,063,303,315,025,361,773,321,772,093,490,552,644,838,954,044,949,640,181,942,626,468,014,431,283,975,042,569,352,610,997,438,330,313
51,332,183,057,769,185,872,354,584,391,561,958,273,382,350,279,388,766,242,315,810,203,663,207,832,884,655,182,998,020,170,819,522,435,442,574,924,304,272,369,529,535,101,786,600,151,049,294,486,583,270,234,094,856,166,665,979,031,104,133,429,260,932,454,595,424,526,308,027,188,083,780,733,602,708,745,882,428,347,463,269,329,837,479,774,212,977,766,044,484,273,780,824,959,478,362,943,739,176,498,649,945,799
14,832,961,748,602,319,466,889,510,221,862,133,321,013,427,968,850,851,309,642,166,386,294,417,816,712,797,022,577,244,232,357,131,710,760,812,936,260,874,462,422,068,071,026,433,211,496,408,414,747,450,336,001,251,265,275,081,757,582,961,299,754,347,992,866,948,996,955,557,046,584,639,375,454,677,889,149,255,408,392,042,033,333,919,557,965,504,518,249,363,940,818,088,918,636,813,739,933,082,145,588,712,527
14,832,961,748,602,319,466,889,510,221,862,133,321,013,427,968,850,851,309,642,166,386,294,417,816,712,797,022,577,244,232,357,131,710,760,812,936,260,874,462,422,068,071,026,433,211,496,408,414,747,450,336,001,251,265,275,081,757,582,961,299,754,347,992,866,948,996,955,557,046,584,639,375,454,677,889,149,255,408,392,042,033,333,919,557,965,504,518,249,363,940,818,088,918,636,813,739,933,082,145,588,712,527
113,951,242,012,439,881,919,249,686,224,560,682,702,306,605,624,278,872,752,118,310,128,701,413,915,943,402,098,737,458,517,473,538,604,996,310,045,800,031,547,925,066,814,269,290,095,241,568,237,319,471,868,371,191,241,399,153,474,421,372,335,870,264,300,194,611,615,648,953,152,531,259,634,916,522,257,745,011,493,219,689,470,597,864,648,659,635,442,158,523,763,653,090,298,586,309,013,615,832,447,018,152,693
139,503,024,890,802,317,832,169,587,227,679,940,438,469,108,494,009,362,781,035,161,030,043,206,347,254,148,424,477,018,474,918,432,290,325,839,120,300,862,661,305,070,702,133,459,512,051,826,103,821,586,430,348,607,549,765,587,327,088,070,344,845,020,344,070,126,780,996,791,906,406,861,291,106,971,380,561,132,004,159,113,275,406,378,851,734,691,823,980,950,858,131,642,296,144,581,591,660,712,387,551,450,623
76,209,549,165,153,693,882,767,880,421,142,546,229,113,305,092,372,832,972,773,497,404,443,957,093,565,817,319,755,259,668,269,421,669,690,750,591,936,703,076,974,267,281,819,399,854,977,896,312,074,220,182,987,157,129,472,609,930,727,991,454,339,252,799,465,314,269,744,542,681,176,757,301,201,060,008,947,846,172,667,709,054,883,942,617,021,814,007,643,046,830,146,932,512,907,065,734,789,911,111,881,891,061
48,279,476,201,054,120,025,583,393,288,511,779,977,148,131,881,968,177,310,511,521,689,181,141,800,461,966,787,564,589,448,002,771,504,717,669,649,608,072,906,554,750,122,050,438,239,887,983,372,966,330,588,353,524,690,526,953,144,195,347,315,880,910,293,679,113,442,243,627,820,460,723,839,880,599,056,602,237,756,366,989,959,036,280,153,049,957,665,112,858,938,478,782,693,086,009,428,719,075,444,767,273,457
65,606,009,509,387,856,114,973,129,387,466,127,841,275,875,197,236,881,245,538,507,731,046,529,165,429,520,078,106,125,157,275,135,262,711,391,149,022,611,433,604,838,142,414,968,636,007,133,887,780,166,811,258,495,967,386,192,728,950,147,369,530,339,468,839,332,858,782,130,253,000,641,945,097,118,476,397,409,770,459,670,067,137,642,001,021,745,015,034,778,099,768,250,796,762,821,806,111,501,231,823,868,593
17,272,033,108,757,717,779,065,559,455,202,259,135,760,864,631,571,368,019,734,721,528,155,001,863,700,656,325,822,469,879,684,672,925,927,539,226,486,274,116,354,168,760,085,903,510,272,872,172,887,536,630,428,566,966,724,429,533,699,170,123,214,487,772,322,296,070,317,845,706,011,708,376,061,576,378,632,027,612,112,653,581,128,787,602,955,737,912,323,244,458,432,968,417,512,151,025,261,955,052,958,795,737
164,634,729,879,929,957,790,049,024,775,623,630,295,711,592,363,679,603,809,304,666,121,271,074,222,448,408,332,038,767,950,605,146,235,031,002,684,198,369,279,301,261,170,245,008,969,447,690,969,828,866,054,399,851,810,345,503,030,536,848,325,517,687,134,441,497,687,343,538,998,333,887,164,590,873,706,375,764,610,556,665,688,672,471,162,904,131,068,329,935,616,694,725,028,709,856,305,796,553,902,748,034,559
171,540,705,521,386,174,501,457,999,910,314,864,778,538,499,652,806,352,690,199,761,968,010,710,717,423,419,839,543,338,696,708,649,097,613,361,962,308,193,360,584,735,447,289,043,309,575,075,484,299,541,083,670,380,883,369,280,924,672,411,166,924,483,811,956,895,374,380,861,929,625,668,476,405,289,472,155,417,637,537,123,575,525,282,219,919,368,771,935,848,827,051,650,182,362,471,622,884,964,454,077,280,369
66,323,736,433,162,557,738,844,484,986,491,152,865,007,029,468,520,039,969,641,351,375,230,108,323,400,374,489,402,627,377,664,713,199,071,083,339,335,060,453,852,932,343,685,298,486,115,390,911,906,247,300,160,189,429,318,950,825,991,684,998,282,370,842,986,883,019,366,271,075,219,614,339,085,157,933,999,008,244,119,829,198,603,060,167,324,434,633,312,989,155,508,147,086,103,977,453,379,025,725,344,613,421
74,038,432,161,976,344,781,537,050,770,314,171,504,090,565,974,219,128,063,462,636,941,415,093,854,440,725,659,906,398,877,081,113,956,282,694,619,590,348,339,457,769,222,953,277,561,024,500,807,602,878,266,336,670,966,721,862,140,658,156,805,697,188,666,597,500,984,513,804,613,484,973,425,492,543,469,933,232,916,184,674,866,510,012,654,397,708,505,297,950,464,423,800,310,035,526,543,890,674,658,380,903,073
18,872,116,277,851,827,171,398,654,481,688,714,600,438,944,175,639,617,755,438,308,452,369,400,746,278,934,426,436,804,117,745,603,480,407,292,360,981,855,022,266,378,465,598,945,894,029,165,289,882,917,690,512,893,234,482,703,563,645,283,839,005,796,780,363,690,676,410,302,855,907,477,121,500,003,028,029,600,108,573,362,015,387,809,560,751,863,151,264,632,978,376,723,137,717,145,063,571,939,479,400,446,371
44,493,808,028,685,365,513,768,811,807,586,347,263,523,739,598,268,716,805,919,671,700,163,220,362,439,674,575,940,550,278,726,705,969,174,414,115,943,319,351,576,442,335,757,683,744,114,476,204,693,368,650,900,310,680,354,781,619,858,327,278,450,373,980,682,729,500,249,766,307,120,353,979,608,448,260,708,599,783,194,492,102,356,151,337,545,606,108,802,186,733,734,490,145,148,366,577,527,168,147,185,656,741
92,825,272,592,265,853,475,782,081,778,085,300,151,369,202,499,331,847,146,928,560,896,517,915,510,942,361,451,308,052,297,088,455,293,636,263,173,685,308,794,079,142,826,951,267,786,525,793,697,280,065,035,960,492,958,986,637,590,585,680,469,318,495,585,636,683,082,579,694,859,234,319,353,707,003,922,885,325,545,732,865,053,667,659,431,316,263,039,699,930,728,045,910,391,682,330,163,204,131,508,422,274,909
77,818,136,040,180,830,372,519,300,588,407,136,421,578,884,542,648,631,791,182,902,411,117,514,775,214,200,640,416,704,497,183,116,470,425,446,148,987,841,832,155,174,304,686,863,564,275,175,862,812,760,913,732,636,562,584,602,303,820,920,233,502,989,237,895,609,411,059,715,881,701,331,707,076,211,906,815,134,762,213,521,151,261,818,796,777,636,214,025,321,196,745,655,585,368,603,671,117,658,825,147,108,811
113,548,501,644,800,768,412,818,106,212,500,883,265,094,024,007,429,807,127,272,069,799,362,717,188,978,349,412,105,878,536,416,546,075,216,318,366,766,349,996,458,168,403,739,063,635,758,681,995,227,638,016,497,092,237,375,415,606,819,502,426,903,741,286,157,491,248,341,046,979,548,104,354,070,801,598,508,113,025,501,083,502,897,100,653,868,671,000,274,192,936,770,655,395,640,436,122,161,470,168,977,028,773
62,551,127,479,609,106,890,239,519,709,427,600,993,557,394,044,664,072,886,585,709,886,468,417,744,046,482,924,079,319,932,310,690,486,960,245,445,777,543,633,705,627,253,063,952,653,775,136,228,132,182,541,605,723,673,105,256,685,490,186,813,672,481,058,880,949,502,322,778,093,870,498,867,725,311,669,363,357,354,448,906,144,188,575,657,221,957,209,364,670,044,365,318,499,031,096,756,082,436,457,436,780,017
60,060,775,206,248,126,659,114,790,602,037,545,142,986,555,512,259,032,780,867,804,445,155,681,540,776,754,704,372,616,654,354,027,526,146,730,521,680,710,776,074,561,363,357,327,916,932,470,908,915,148,392,469,153,282,282,895,432,675,854,716,426,039,854,604,817,622,881,980,213,839,422,408,692,477,264,701,622,616,266,265,789,314,738,128,721,397,299,551,040,704,786,061,493,479,648,858,701,187,452,043,478,771
158,617,881,134,763,941,226,931,177,913,981,458,024,300,577,657,602,075,972,719,296,965,750,141,579,326,713,505,932,314,951,912,249,398,737,338,786,420,253,659,973,920,442,390,732,059,427,131,832,852,608,110,349,361,148,660,856,956,596,388,435,707,418,424,283,398,368,593,643,354,868,243,097,560,744,460,334,375,922,295,481,468,215,137,974,255,832,673,737,903,071,431,267,741,784,408,196,129,252,002,726,550,669
55,398,107,961,820,128,385,459,379,398,853,607,448,515,926,751,797,548,976,717,039,564,855,644,718,155,488,090,211,577,835,643,970,320,485,721,598,243,322,527,330,400,815,136,243,945,249,902,426,122,043,445,994,545,529,848,769,657,425,166,806,405,183,474,243,642,187,325,774,845,233,775,143,938,008,793,909,968,612,216,662,512,017,844,299,831,532,901,590,327,227,982,388,481,640,409,145,733,231,335,553,941,759
22,269,065,227,151,986,548,336,557,846,583,318,379,173,133,805,160,925,693,132,420,178,361,005,917,945,761,088,828,647,736,178,113,980,521,895,510,347,268,119,148,154,738,930,794,964,498,697,659,861,533,035,320,182,606,664,282,419,893,719,805,483,198,280,494,580,260,377,310,090,691,828,704,145,575,531,709,301,146,111,176,326,374,149,163,318,610,884,446,449,816,125,278,472,855,198,818,038,913,678,680,178,191
16,801,545,187,402,855,591,441,002,498,610,324,596,212,349,686,140,643,052,680,971,401,527,186,411,592,366,958,222,045,716,811,104,105,327,947,653,294,285,506,510,141,823,379,530,129,514,609,741,255,116,481,151,064,061,086,719,166,284,739,354,259,745,663,851,130,785,049,805,941,398,602,783,924,642,917,458,410,771,586,412,766,953,580,900,311,823,924,949,743,856,741,599,543,717,481,863,535,557,662,116,151,941
143,623,960,486,999,393,472,714,166,241,095,438,468,528,152,088,973,484,775,130,771,662,982,999,042,650,920,398,985,563,826,506,547,530,009,768,216,401,076,259,583,584,482,987,944,417,540,247,723,777,354,678,278,282,919,518,268,139,283,390,172,551,771,092,580,030,350,793,597,235,296,540,161,753,618,968,943,119,750,346,796,919,669,994,495,335,162,180,015,217,930,940,360,326,431,610,260,119,099,385,149,925,513
65,138,629,552,627,855,103,963,323,849,924,584,467,784,657,041,507,236,198,251,717,855,121,401,336,145,258,979,378,146,464,839,151,709,924,709,570,731,638,215,266,281,552,668,498,917,721,607,917,967,707,237,867,274,698,334,553,738,958,705,266,355,190,260,670,563,655,293,770,838,686,092,987,937,676,916,644,180,706,329,636,832,832,514,262,983,695,314,154,466,783,956,090,284,141,959,386,170,997,884,289,222,301
131,752,954,170,448,973,832,557,624,235,880,462,433,171,135,381,434,173,355,740,966,193,244,956,248,331,748,132,748,386,775,807,182,053,828,201,278,934,141,421,163,594,609,698,838,919,677,983,223,222,786,180,951,998,719,600,449,598,127,724,967,610,692,700,669,006,498,847,841,520,651,872,607,941,199,352,610,465,532,547,126,805,143,722,233,886,340,300,085,944,932,924,422,594,556,181,830,343,186,571,267,064,053
80,085,622,248,758,817,031,901,859,096,401,022,752,268,455,507,236,502,963,531,237,457,941,448,562,465,171,347,284,319,277,461,530,124,571,627,967,809,842,266,487,936,159,304,797,568,794,755,468,245,949,550,724,368,035,825,954,771,596,295,821,018,297,179,765,018,316,440,084,300,833,159,926,230,835,674,408,330,684,939,104,384,996,852,690,809,530,937,887,533,926,217,605,498,039,930,345,618,331,419,474,804,913
122,149,226,694,826,324,797,623,313,215,911,262,041,124,254,625,820,006,753,653,078,991,826,577,805,273,179,245,900,492,666,755,577,308,222,884,692,288,164,125,552,506,530,463,415,101,464,432,455,717,809,426,327,688,648,356,814,321,729,051,469,025,305,476,250,470,318,686,826,630,474,142,962,861,162,279,848,259,434,417,066,817,215,886,156,885,853,200,408,404,301,292,715,452,365,344,091,835,446,281,424,804,023
52,477,257,447,106,591,129,557,314,335,175,760,590,431,438,895,868,311,448,343,171,809,841,763,448,871,611,275,285,184,611,004,440,288,921,066,086,321,901,210,506,364,578,111,120,022,802,824,474,164,156,991,529,360,331,062,310,247,824,461,062,704,643,889,216,807,852,118,640,418,669,672,940,299,570,874,580,769,145,640,905,704,729,209,228,457,868,722,969,775,443,819,041,112,513,722,581,082,520,055,899,965,873
55,323,401,502,347,529,719,052,874,951,004,391,548,615,340,087,853,388,413,888,683,196,333,167,031,402,958,627,512,720,608,230,100,592,468,827,718,511,316,718,283,112,454,503,127,650,595,716,920,248,358,022,810,160,751,161,298,464,986,976,641,344,511,542,463,247,110,816,656,579,223,805,764,607,555,751,365,500,481,133,981,782,418,253,383,730,371,813,820,123,549,221,285,221,800,691,995,831,151,360,868,385,151
54,427,237,226,384,550,477,664,109,451,600,356,200,166,175,282,018,030,018,949,727,981,019,954,541,033,914,434,073,402,985,628,025,238,439,124,756,077,524,911,050,346,956,668,719,408,064,491,825,678,151,824,792,488,619,331,339,331,205,983,213,321,511,780,749,231,243,852,322,238,710,940,840,094,541,816,539,809,036,067,276,465,017,712,060,452,661,351,955,179,546,517,689,529,855,526,403,801,535,738,379,402,427
121,676,114,857,638,508,488,678,306,877,069,119,920,675,773,883,815,121,489,555,061,249,477,104,452,165,704,178,438,299,068,156,892,077,403,730,742,960,657,318,960,499,681,071,005,315,032,006,766,419,559,655,847,633,126,935,927,739,733,227,305,229,063,572,702,615,628,593,811,291,477,046,251,175,042,799,500,729,418,143,833,837,739,398,617,040,839,445,893,887,725,804,261,080,043,624,868,428,631,268,155,079,659
30,281,380,197,363,853,234,653,996,182,206,249,147,349,152,410,196,302,130,032,553,594,625,874,205,545,976,319,609,232,995,425,132,645,148,691,120,054,094,290,146,182,706,270,937,507,509,966,208,012,705,285,663,729,439,552,385,319,026,802,146,431,021,020,682,308,950,536,190,960,086,735,792,803,744,443,208,540,046,613,789,122,585,974,555,584,611,951,052,005,913,389,608,313,047,467,575,267,374,006,301,551,851
53,415,521,735,635,702,838,791,354,140,018,432,001,692,793,822,189,818,706,838,105,663,521,991,668,992,700,376,730,309,195,632,426,452,005,147,122,942,842,698,475,616,391,741,359,811,159,184,559,623,720,096,805,157,992,643,087,525,809,270,148,694,549,173,434,095,433,253,181,930,044,437,587,395,719,090,927,907,011,489,022,871,708,517,746,137,296,421,380,443,586,479,827,537,216,141,854,297,943,106,301,305,757
39,374,204,647,500,815,440,398,898,434,332,158,674,706,429,165,402,610,258,989,430,040,147,171,757,969,092,658,617,512,540,127,802,724,017,420,865,134,952,881,091,684,423,866,769,081,348,919,189,866,947,368,780,478,563,217,409,257,790,057,694,544,367,163,458,416,004,688,149,777,822,647,867,092,683,869,435,395,595,926,112,860,271,020,246,345,568,631,542,680,480,610,417,867,470,435,194,688,598,374,196,797,691
75,495,829,569,483,289,542,237,229,234,655,478,486,229,800,577,679,662,009,271,913,537,652,494,123,002,470,184,041,816,280,748,189,719,794,084,591,752,228,162,918,928,677,776,263,847,112,916,126,071,237,526,632,745,010,586,723,197,690,588,221,125,653,108,474,325,316,129,370,745,616,638,441,993,567,885,846,913,394,084,109,301,496,378,711,589,855,330,743,695,517,208,621,500,587,921,786,390,732,100,412,216,379
130,466,696,536,099,226,774,823,538,726,991,779,879,811,193,414,671,822,101,714,274,109,717,665,638,520,819,148,204,394,705,976,668,534,861,518,846,825,893,913,726,325,255,287,882,714,837,170,016,813,125,871,322,213,141,620,440,425,575,902,923,847,967,963,122,815,715,757,415,657,818,249,932,077,183,272,783,969,251,016,337,469,560,175,301,195,377,482,054,595,775,347,311,198,938,579,599,918,086,488,012,738,367
101,158,727,716,003,071,624,625,288,530,331,877,617,333,314,062,841,373,229,730,798,673,605,851,370,522,810,252,779,321,922,022,167,948,386,022,141,816,044,091,456,203,940,028,615,825,025,387,526,728,729,555,045,955,730,478,285,304,525,757,306,408,487,543,653,646,288,311,443,258,561,599,046,721,543,738,546,059,536,940,751,167,485,891,567,793,063,995,494,613,358,317,363,909,530,810,976,819,906,072,562,606,049
174,961,444,213,040,554,202,400,266,496,953,755,834,759,386,679,004,875,808,337,115,555,790,316,893,760,582,392,228,691,728,138,998,926,178,179,056,553,688,596,398,410,262,794,565,290,241,924,329,988,072,425,452,190,490,222,805,415,949,476,345,128,723,078,396,084,618,323,026,790,643,010,946,441,910,290,571,590,156,018,657,398,639,167,492,209,687,956,785,159,077,249,441,582,632,725,784,780,475,578,896,097,987
145,575,896,495,238,163,827,120,595,733,277,445,754,058,797,599,711,842,175,807,915,411,175,972,294,181,763,550,820,743,558,305,673,881,439,863,778,362,310,946,161,999,945,922,294,656,164,080,481,657,687,096,327,293,993,634,095,257,694,375,040,668,311,623,008,212,692,217,628,447,050,489,578,275,516,471,497,637,605,541,228,455,015,855,570,143,546,898,033,321,909,386,885,826,548,159,962,727,760,571,206,491,961
14,484,964,913,792,799,861,520,290,456,128,376,148,085,523,749,612,001,551,632,839,467,857,005,158,355,065,623,990,872,945,570,003,553,003,169,988,606,126,247,060,428,438,798,852,722,697,686,209,486,258,482,931,191,110,835,164,695,006,602,436,164,274,966,539,756,895,744,267,147,585,537,117,358,912,299,996,412,068,579,440,416,826,422,322,465,255,634,782,304,819,569,979,481,058,247,999,277,012,233,638,442,343
62,663,240,579,315,363,285,945,427,235,565,169,839,742,135,235,707,665,529,183,348,710,230,947,118,100,421,533,579,341,512,402,813,890,032,499,267,092,063,235,023,394,290,721,619,047,281,226,845,227,833,015,733,594,933,807,790,664,422,053,974,594,427,116,405,842,545,657,874,627,196,769,909,311,008,817,237,571,024,999,835,734,570,885,185,694,080,795,981,448,094,274,032,196,817,694,239,822,158,433,350,652,283
9,547,670,402,786,952,024,613,671,888,972,132,446,148,221,600,398,010,119,111,972,306,694,981,620,388,747,651,218,330,630,648,056,599,266,775,831,501,732,170,699,502,176,167,000,893,475,509,870,076,197,349,956,232,057,374,174,786,975,173,946,103,304,699,841,165,990,931,282,599,628,530,487,462,260,434,390,114,477,215,070,019,657,948,745,095,291,446,926,865,603,897,793,349,451,061,658,460,284,823,427,468,021
134,412,084,035,472,898,681,646,701,838,494,697,721,079,917,983,147,727,988,493,433,434,987,874,155,764,064,737,086,643,858,242,765,433,413,285,084,693,522,997,486,617,107,176,471,080,776,358,558,381,434,337,764,058,434,047,396,468,206,298,153,455,599,028,536,010,593,149,863,811,758,729,535,758,180,438,444,541,907,166,037,435,746,786,472,105,954,255,376,269,782,080,909,716,758,030,926,227,478,459,340,594,613
40,827,814,051,348,600,633,548,137,984,129,172,835,210,338,856,828,960,126,060,576,743,329,803,590,371,501,664,145,600,694,518,915,111,768,043,689,661,822,482,596,832,787,758,539,937,169,407,129,371,555,105,204,625,864,588,977,670,508,155,174,197,787,695,264,758,888,738,033,626,123,092,789,734,850,217,291,164,452,328,347,306,699,787,090,805,042,392,373,637,603,367,966,170,567,873,835,040,417,608,427,660,397
137,397,931,843,769,197,157,946,375,084,250,213,597,514,747,559,264,741,927,300,289,244,038,513,415,701,689,492,980,646,245,153,678,568,885,418,693,819,373,945,736,671,194,988,967,464,861,999,736,391,258,819,527,120,870,899,725,095,534,261,604,885,095,436,897,163,176,742,570,848,742,513,751,659,690,525,428,915,189,669,865,965,840,577,636,801,311,505,451,809,666,731,445,075,587,398,513,231,820,211,690,419,361
72,759,745,117,170,050,486,077,995,186,672,714,819,532,087,027,565,448,373,681,744,782,861,017,814,093,336,594,321,096,785,176,710,469,039,862,883,600,738,950,359,162,444,562,466,536,532,871,150,544,060,429,183,730,106,072,706,146,571,918,776,952,626,707,999,270,400,228,406,593,621,271,458,788,282,680,520,281,215,945,976,076,072,300,698,108,585,440,334,736,721,507,218,908,013,277,444,252,379,618,907,249,017
114,742,461,982,192,598,247,658,862,729,699,736,531,282,279,002,802,014,878,579,959,854,959,521,564,853,253,947,956,661,102,129,103,602,897,589,474,333,485,826,074,686,874,987,219,142,994,782,653,062,697,864,267,775,678,495,745,419,327,187,339,447,596,509,016,411,977,947,427,324,243,044,504,820,427,902,427,474,105,670,605,768,287,640,649,038,662,081,009,823,254,417,784,289,565,160,572,191,679,390,425,578,881
117,746,217,973,047,136,343,951,767,853,184,036,179,426,620,724,789,610,844,854,859,866,999,731,562,171,242,469,436,979,606,282,819,971,023,972,376,112,684,671,703,965,285,271,708,106,515,048,769,590,344,493,626,168,994,715,630,572,653,947,188,421,585,714,650,268,031,179,746,033,770,166,553,738,360,870,441,192,865,908,073,009,171,346,627,506,055,087,662,354,413,901,099,878,484,864,548,096,179,061,130,140,539
59,600,302,707,258,098,363,471,997,544,448,414,868,405,986,153,667,987,920,047,913,449,375,641,109,437,479,186,159,437,312,084,033,930,960,555,455,742,260,389,361,542,543,204,481,797,124,830,929,247,114,540,537,492,174,483,125,943,237,705,823,540,639,234,214,905,360,915,533,931,768,256,854,218,729,692,089,756,972,268,822,443,926,475,972,801,653,081,805,165,683,876,677,061,218,282,864,630,698,941,035,062,911
84,470,089,382,266,227,874,593,959,484,284,042,041,994,575,629,654,830,427,325,111,266,404,714,185,695,479,223,108,146,061,266,343,527,702,554,415,928,636,042,380,901,348,361,993,741,098,954,259,552,004,047,071,910,755,356,176,818,474,565,410,290,218,466,495,352,017,360,212,925,819,347,801,910,204,695,770,384,415,902,527,667,255,408,813,230,001,527,644,370,141,265,286,999,698,363,431,534,182,171,509,426,559
53,481,539,489,714,731,357,588,136,702,512,211,996,083,499,605,724,569,092,861,978,198,636,989,939,282,710,863,007,085,110,620,010,673,860,345,667,957,275,830,220,355,988,479,265,016,777,399,004,503,798,417,810,464,499,518,448,539,698,206,528,703,991,180,359,650,273,503,896,506,388,969,087,547,154,790,098,445,590,371,006,452,495,496,554,200,811,678,540,283,124,124,596,688,935,367,569,708,782,188,494,090,463
53,481,539,489,714,731,357,588,136,702,512,211,996,083,499,605,724,569,092,861,978,198,636,989,939,282,710,863,007,085,110,620,010,673,860,345,667,957,275,830,220,355,988,479,265,016,777,399,004,503,798,417,810,464,499,518,448,539,698,206,528,703,991,180,359,650,273,503,896,506,388,969,087,547,154,790,098,445,590,371,006,452,495,496,554,200,811,678,540,283,124,124,596,688,935,367,569,708,782,188,494,090,463
122,926,475,075,698,226,536,711,545,862,817,643,403,311,856,469,279,376,470,998,200,372,161,841,514,267,476,711,810,580,707,531,816,148,633,402,536,180,568,020,351,159,990,798,471,974,976,131,582,832,421,938,364,188,600,364,427,291,431,583,447,035,465,024,915,457,220,743,509,937,921,560,073,971,107,249,353,079,093,655,199,768,921,348,945,853,250,612,803,054,629,393,200,201,368,025,988,499,196,397,179,022,983
74,492,208,453,399,223,848,472,915,583,620,629,056,498,639,696,446,418,266,484,324,213,080,565,488,064,360,770,807,359,878,737,753,281,090,960,639,383,623,523,773,229,014,196,946,992,321,074,656,744,323,751,956,904,685,221,038,208,181,803,901,504,534,135,037,404,171,521,072,284,989,771,401,788,266,401,747,033,882,283,998,086,907,939,629,724,100,558,853,997,604,630,852,030,336,021,973,390,733,871,685,133,997
100,895,341,573,049,439,646,981,352,865,264,201,825,510,872,613,235,444,431,125,173,663,752,211,127,916,577,260,932,460,073,616,804,646,975,327,883,057,481,799,388,077,836,131,670,146,521,196,727,151,155,955,341,989,810,378,450,554,919,525,754,272,944,564,982,878,214,145,277,763,386,575,558,379,711,862,055,978,892,846,834,528,734,444,453,419,142,805,633,929,748,629,834,813,381,870,016,411,167,836,662,768,503
99,488,182,355,386,043,834,756,974,695,073,896,244,696,872,092,858,969,421,061,820,769,305,505,151,795,227,442,061,234,180,357,568,314,085,896,244,001,918,187,267,120,612,795,601,513,289,047,796,045,022,993,550,052,673,191,528,878,254,760,848,818,935,935,735,106,057,528,180,219,566,219,949,229,026,432,656,625,030,666,559,862,465,949,292,132,768,859,493,533,050,118,561,421,532,159,478,545,799,913,199,891,939
77,351,771,928,635,347,260,452,691,610,685,276,108,677,773,433,654,212,694,888,721,750,830,008,637,174,995,112,749,681,739,723,380,559,155,927,728,860,464,718,252,378,005,558,305,517,285,940,550,380,627,757,882,093,729,017,397,618,454,522,771,547,110,297,101,045,374,661,937,917,784,948,056,333,786,505,770,370,398,008,672,541,573,255,239,341,808,845,895,886,392,704,189,219,723,583,944,266,159,887,265,953,571
128,699,351,258,004,727,409,557,787,666,365,292,981,677,390,218,819,941,525,180,486,773,794,388,375,851,638,850,936,838,447,389,018,158,563,111,520,288,308,985,728,735,670,882,889,999,269,367,833,865,055,978,178,714,833,597,629,784,963,125,615,503,386,894,114,975,204,271,604,498,113,719,023,075,817,676,924,737,315,052,824,061,539,738,071,246,057,550,133,055,698,552,221,956,505,378,424,770,490,225,056,083,181
74,212,971,620,894,502,354,198,867,147,305,388,473,429,916,719,387,710,182,927,431,852,770,127,906,366,854,989,118,736,199,880,469,011,598,924,196,160,683,068,622,204,914,907,821,500,766,295,728,843,762,395,183,061,968,706,742,021,939,365,550,357,431,486,076,324,588,062,404,966,189,234,017,064,116,386,252,012,618,361,620,237,707,363,151,106,972,418,236,546,273,175,308,084,141,400,128,506,199,407,309,847,133
138,735,838,733,550,733,980,851,910,777,356,800,909,388,545,542,260,944,588,338,630,533,040,488,311,753,887,192,291,477,430,146,736,233,570,630,259,118,363,287,400,668,853,759,520,545,865,656,172,548,756,630,430,320,403,394,290,874,551,200,061,883,288,762,849,222,138,330,355,139,782,746,926,276,547,551,734,333,034,138,185,175,988,705,954,384,291,866,841,473,727,882,581,987,014,507,023,896,969,442,714,302,583
111,716,259,043,242,717,278,213,692,400,640,729,580,261,820,241,946,217,701,582,174,520,383,937,777,169,246,887,688,437,950,020,645,532,824,005,674,833,690,725,457,602,482,250,557,112,779,861,706,499,874,639,323,662,201,932,963,319,329,502,244,262,654,385,085,349,038,395,950,528,187,643,731,717,652,401,084,755,332,513,639,560,123,095,028,589,908,389,544,681,067,044,848,207,657,762,448,491,675,628,934,618,349
12,691,739,296,632,180,340,020,825,631,349,366,700,052,360,167,231,873,376,338,576,731,188,962,630,537,993,121,367,189,100,842,903,567,400,617,911,037,506,646,709,134,885,185,408,382,630,303,710,246,083,574,438,555,204,823,070,443,034,475,079,672,205,821,943,337,865,174,209,852,088,369,761,463,601,703,768,429,121,677,932,606,372,378,889,609,586,335,327,534,349,583,432,112,028,444,964,791,837,399,637,825,797
36,121,422,212,482,268,262,759,078,308,749,167,701,220,808,627,492,688,479,780,046,051,888,880,384,355,702,483,237,238,707,065,313,347,739,663,669,734,429,664,375,132,011,580,800,264,323,573,953,739,079,389,258,766,613,694,226,419,567,578,230,198,730,962,048,523,467,890,589,236,435,469,891,701,525,937,007,375,691,205,509,550,530,823,681,269,665,195,734,022,284,157,443,235,976,349,237,114,682,312,938,858,259
23,723,536,705,286,160,721,748,055,778,277,971,432,340,897,310,846,775,490,776,753,722,171,545,165,278,621,986,856,351,233,192,584,084,505,049,031,710,735,682,269,632,678,587,745,143,337,881,448,910,015,889,678,213,197,377,502,710,919,066,804,967,168,827,296,166,352,766,188,726,296,982,699,033,748,083,199,969,404,248,374,273,757,251,781,596,743,378,664,638,476,577,619,447,682,208,319,051,814,635,973,169,483
1,545,845,607,295,562,165,852,836,466,248,454,730,396,858,416,377,734,690,011,719,827,457,638,122,826,094,336,637,610,461,582,274,251,559,943,732,096,538,823,681,128,615,384,595,638,870,140,261,843,426,311,722,498,751,405,381,155,870,188,747,937,447,753,612,000,222,861,547,275,358,051,860,215,153,252,491,488,950,707,049,333,171,806,881,660,952,654,962,646,390,288,422,001,479,800,632,428,393,496,900,082,321
107,240,046,058,978,489,346,600,353,517,506,622,306,837,645,014,028,272,632,093,118,499,237,527,602,482,104,813,277,641,824,361,971,265,311,553,447,196,467,211,971,187,989,583,300,215,792,977,914,247,763,484,161,798,007,129,391,017,626,711,218,283,571,588,053,989,015,123,475,293,167,989,257,553,455,943,931,153,146,511,151,120,514,888,962,354,036,689,346,590,411,797,140,406,336,083,413,551,161,338,285,786,293
123,891,930,322,240,383,396,728,989,976,012,527,109,807,872,008,593,755,757,477,851,899,733,263,082,627,930,332,853,504,428,068,217,327,392,173,032,899,598,980,958,383,002,782,793,102,277,669,483,510,261,124,399,800,978,820,843,690,227,110,468,541,354,870,645,983,124,515,303,469,305,758,595,447,911,984,125,771,348,808,878,109,787,637,819,515,174,069,884,087,373,790,495,159,834,555,417,424,605,204,049,943,091
166,209,851,174,954,824,107,454,250,128,374,658,370,303,395,260,332,021,785,469,552,111,182,208,481,282,334,036,817,313,528,283,693,794,314,054,194,963,799,540,657,268,378,049,488,428,503,787,443,774,643,625,029,013,513,163,871,993,501,934,340,602,681,884,571,673,292,710,398,503,658,224,029,314,320,935,318,306,528,750,265,299,022,736,484,543,097,942,287,359,073,168,753,108,712,390,207,413,135,074,414,078,653
91,926,412,844,597,368,781,077,665,967,807,868,855,424,874,645,186,329,660,310,406,183,475,878,193,090,301,221,127,139,560,149,644,469,101,383,179,677,052,405,189,192,967,360,375,016,828,865,194,758,874,886,693,915,486,254,147,452,083,459,303,138,517,307,578,440,259,871,896,906,899,709,570,115,501,522,037,841,408,912,295,444,527,244,994,236,892,208,073,841,050,050,006,224,697,169,567,309,198,050,086,988,079
12,787,959,555,669,052,646,846,011,807,183,371,264,905,929,735,839,465,605,902,928,508,951,456,578,681,989,227,745,653,170,288,158,980,519,439,450,742,384,628,811,649,670,675,533,242,557,830,092,543,304,533,084,474,674,823,176,487,799,739,611,449,280,302,186,754,612,926,034,524,459,231,856,445,517,779,509,256,334,179,150,005,008,095,666,744,760,589,955,918,552,309,149,133,496,230,182,688,126,956,495,736,161
64,410,572,433,206,177,396,323,956,065,016,582,369,729,239,825,541,958,838,320,655,154,705,593,688,748,888,048,086,401,248,540,205,896,416,519,924,427,745,791,525,437,277,208,117,420,930,250,868,612,727,605,776,294,401,451,378,189,884,970,538,274,489,981,940,650,717,979,906,664,853,391,142,171,331,240,561,680,542,959,206,726,982,306,182,375,037,115,762,366,159,922,064,668,350,750,254,569,366,436,115,049,687
17,787,381,009,780,470,653,089,388,145,868,011,194,774,107,574,121,044,289,322,033,690,539,804,145,994,359,572,595,585,966,298,495,539,063,999,856,960,344,380,156,100,655,723,947,687,457,367,371,810,938,541,603,192,844,945,245,806,122,172,083,397,087,382,741,987,301,086,336,185,625,913,977,013,896,478,686,523,250,857,419,141,884,595,449,748,658,247,640,162,399,214,571,161,163,042,456,328,191,809,897,216,423
109,433,713,833,750,638,590,681,095,310,457,253,254,149,017,326,484,247,618,217,386,401,054,381,908,868,992,371,889,622,663,125,886,416,803,232,858,266,756,021,381,428,258,239,079,305,345,696,673,469,734,892,624,495,227,399,813,836,949,480,590,944,967,984,298,563,100,100,014,267,024,064,386,105,445,737,827,587,881,763,949,207,985,567,851,074,028,962,096,914,445,543,423,779,412,699,770,966,496,760,613,649,387
102,037,145,198,040,039,391,606,019,559,161,412,171,508,731,460,602,165,873,318,247,676,151,009,973,566,890,796,596,288,753,892,330,909,104,476,695,326,649,208,057,214,307,769,981,811,173,789,378,158,017,591,988,334,440,915,032,310,177,238,165,856,652,787,351,878,344,097,667,519,147,602,188,423,316,370,526,435,865,130,808,938,258,444,853,960,734,981,926,772,060,489,214,430,671,311,602,429,146,935,568,259,899
145,363,380,746,992,852,136,331,244,482,151,883,879,896,630,764,604,174,877,974,853,221,257,023,518,284,104,572,918,400,129,569,691,242,527,403,085,102,593,719,720,100,879,222,008,990,898,296,766,915,529,956,133,917,346,659,766,748,841,538,806,359,026,184,801,200,775,399,161,148,162,050,745,708,182,570,072,736,787,879,017,773,542,350,889,300,664,014,941,748,318,090,533,212,261,801,263,382,335,338,023,600,107
71,608,181,707,600,729,898,909,052,560,311,902,220,361,952,310,966,266,180,307,028,451,030,273,588,682,707,821,929,779,082,149,704,044,543,969,361,050,081,485,292,737,079,998,944,850,653,292,286,769,466,992,942,050,128,523,837,785,737,753,962,417,945,939,859,704,132,126,361,688,051,824,818,363,679,995,762,683,247,149,347,209,256,219,248,265,878,248,425,027,222,952,055,500,703,172,761,285,123,906,062,856,543
23,465,560,834,186,907,735,205,382,144,850,094,647,629,413,823,535,409,196,059,563,316,334,818,318,149,586,343,250,246,203,434,148,183,218,689,389,208,993,880,270,973,798,459,724,356,142,792,517,556,924,837,157,586,080,474,962,641,584,208,772,375,275,445,218,544,185,541,794,071,727,091,453,505,348,395,844,524,816,091,228,990,147,508,725,907,425,421,804,827,987,102,264,623,748,498,754,296,857,658,868,426,941
16,856,769,708,071,680,653,738,826,276,685,121,692,386,630,522,777,529,387,205,097,750,116,200,964,532,314,517,437,516,598,830,188,217,528,086,367,866,112,901,835,300,799,193,489,038,118,705,621,108,046,551,790,917,906,232,234,936,696,112,690,239,837,278,875,871,192,244,618,516,955,078,369,737,719,495,594,050,577,552,378,190,792,690,355,887,725,288,659,435,639,745,397,527,884,316,813,830,967,284,427,794,637
132,544,989,740,402,375,249,822,818,560,829,807,256,996,985,498,228,414,514,496,812,971,127,170,654,739,432,063,177,782,576,427,796,461,336,338,085,610,335,760,393,454,890,547,719,250,736,932,577,101,932,574,048,799,538,473,805,298,542,543,372,473,714,778,095,769,298,844,698,705,795,578,534,036,151,311,403,570,946,264,049,340,343,101,847,632,524,756,587,465,294,866,631,681,718,840,262,667,490,938,456,848,419
18,276,326,336,255,369,321,766,383,290,873,948,221,144,719,590,067,643,037,310,036,549,038,720,895,730,928,825,135,316,604,064,996,841,675,078,930,432,161,901,114,468,801,454,238,237,548,807,854,425,997,518,584,521,096,857,921,079,883,666,008,515,024,367,304,792,319,393,124,251,149,837,456,597,919,649,802,428,709,386,180,290,952,301,309,819,652,225,428,467,234,205,866,447,045,179,550,107,002,373,180,412,929
42,283,709,922,158,301,103,287,674,781,335,723,791,536,544,824,004,955,141,717,471,566,214,331,203,039,787,742,068,210,099,955,568,217,109,395,525,863,436,373,173,560,494,192,564,079,036,645,340,214,442,037,650,671,342,298,860,163,775,234,193,994,841,251,572,823,038,541,574,992,450,340,352,663,425,008,157,490,046,727,633,854,190,953,855,443,309,833,172,508,853,912,643,097,008,938,010,073,235,586,707,063,121
9,196,142,467,001,440,166,323,131,333,936,362,847,442,301,264,368,556,208,272,825,565,028,167,549,117,998,714,818,455,896,315,310,370,026,075,932,502,233,654,235,158,124,943,037,502,887,536,582,451,019,026,084,259,897,212,535,058,077,071,855,738,905,383,765,374,009,415,354,069,202,243,752,606,566,945,279,634,174,964,899,738,087,028,801,690,815,002,085,592,088,010,033,823,276,786,081,510,964,349,211,923,263
62,202,224,632,172,008,773,525,706,562,334,618,938,266,952,591,471,731,045,081,054,279,516,066,081,111,558,701,614,869,826,029,990,794,618,727,163,087,313,338,142,267,917,060,490,091,172,617,642,695,497,601,718,869,138,738,923,657,520,805,795,136,939,464,053,285,882,122,711,053,550,856,938,617,128,262,662,155,351,551,020,169,832,519,738,343,124,764,275,577,225,551,478,894,414,720,183,573,374,924,504,757,989
175,692,635,783,380,945,230,387,236,836,447,538,387,516,821,624,829,341,498,543,957,909,921,035,964,099,089,576,742,814,366,020,626,062,644,796,204,497,115,056,744,189,113,243,163,576,923,470,523,953,889,875,708,183,558,983,321,044,141,659,146,772,304,213,670,769,667,725,831,282,281,697,402,418,902,723,542,568,516,697,314,251,996,597,852,501,985,963,604,620,130,770,740,882,566,155,023,839,353,067,950,503,247
170,959,387,772,547,756,216,392,075,331,845,581,592,777,637,205,919,052,449,578,182,328,015,469,568,605,208,576,128,224,243,647,703,599,274,746,275,896,948,963,463,444,077,070,388,551,899,734,468,652,964,186,865,931,134,975,342,498,236,796,402,056,746,632,525,553,437,668,634,864,827,895,967,939,022,184,759,044,525,953,058,874,705,881,584,457,516,434,866,237,929,264,485,157,096,813,584,842,596,323,655,236,763
59,144,423,322,379,128,230,731,369,106,426,971,274,098,434,683,676,417,480,215,566,271,986,719,355,624,253,286,278,315,867,106,458,086,398,182,675,702,040,111,988,307,812,875,947,658,459,377,863,455,192,832,571,633,437,156,404,163,005,064,513,240,540,813,079,614,424,713,132,241,072,421,579,032,048,458,953,447,252,548,451,126,808,042,271,963,228,527,095,831,910,297,705,215,069,477,836,198,896,884,199,259,321
46,930,009,544,378,677,474,928,260,123,319,093,473,755,620,305,248,446,527,801,510,389,568,268,264,745,417,777,421,481,921,603,985,633,155,672,723,635,834,352,193,555,484,367,427,722,055,608,706,155,616,826,924,514,425,936,168,472,902,033,021,446,575,616,199,556,251,370,855,447,243,487,595,364,386,652,786,605,742,736,946,109,816,613,763,697,425,432,682,700,380,051,163,575,494,074,482,343,128,879,293,774,769
123,033,044,797,492,710,950,760,037,794,472,680,774,700,442,832,259,711,294,282,596,599,848,188,245,583,059,389,963,094,736,845,905,397,470,555,047,977,333,865,367,935,091,477,599,480,287,541,251,312,063,749,511,242,003,735,258,098,936,490,558,368,215,027,293,277,198,179,288,429,984,949,895,437,381,406,845,531,404,928,299,301,884,734,608,083,845,386,631,295,220,667,203,868,530,932,836,461,058,723,977,521,883
31,942,322,384,579,682,297,653,229,295,470,428,133,518,196,579,555,506,722,814,969,859,456,062,163,301,585,520,311,227,133,640,255,265,089,100,550,711,569,184,741,848,200,776,402,094,755,025,698,941,580,638,516,916,094,755,633,287,187,598,023,972,854,980,036,113,188,668,669,898,218,419,728,194,686,817,675,898,838,618,312,855,601,864,264,794,732,154,745,164,820,592,678,548,684,584,530,123,810,649,614,529,081
113,183,084,306,219,163,958,740,122,630,679,685,198,814,254,265,402,963,459,023,016,080,766,543,936,726,135,683,304,871,722,141,058,491,957,840,224,255,002,281,619,717,378,709,421,909,087,326,190,103,640,780,919,220,604,037,598,723,286,185,745,795,998,842,087,424,829,800,218,645,958,039,137,602,286,283,461,989,790,569,557,971,910,950,526,687,429,407,536,565,984,247,324,909,632,170,223,892,271,962,643,789,781
29,035,998,328,855,589,433,108,905,968,627,232,048,508,217,933,191,493,992,128,226,688,774,908,439,044,347,232,505,958,858,243,672,908,941,737,443,807,308,024,018,289,457,132,000,819,583,690,785,359,978,087,740,836,703,696,862,107,810,921,224,715,506,735,904,753,195,773,413,241,587,675,168,486,514,353,871,484,488,726,743,527,700,490,389,496,804,628,122,682,953,968,434,236,195,131,097,372,818,103,831,330,393
37,802,084,378,629,286,483,161,687,886,385,722,443,116,532,191,149,666,641,577,043,281,802,881,346,952,051,712,144,380,035,536,702,625,175,607,931,688,297,273,820,726,147,766,475,069,264,759,295,107,212,084,923,293,311,642,746,396,663,913,982,957,441,564,818,929,925,439,352,333,596,142,592,133,169,178,822,260,429,210,886,906,542,473,526,977,231,107,514,631,020,855,110,754,962,512,065,525,955,186,209,514,171
58,580,621,166,709,181,767,153,897,308,263,099,543,495,769,354,297,044,466,859,643,221,418,810,946,174,831,279,506,478,748,690,588,680,254,955,298,230,795,854,749,297,062,182,946,187,747,911,690,506,704,133,589,704,277,542,422,454,964,370,088,746,539,843,861,381,866,148,262,132,566,398,141,816,630,232,020,501,980,594,969,200,202,014,044,260,323,854,062,988,229,659,657,207,842,237,482,794,321,098,594,854,527
86,640,327,173,393,810,637,177,543,680,285,175,600,991,881,278,391,997,954,073,532,608,379,839,538,553,121,869,781,491,392,581,292,998,318,188,131,818,562,777,214,204,154,641,804,548,597,710,569,017,315,317,483,528,728,809,726,472,926,853,273,844,652,266,442,137,367,676,108,269,092,565,424,920,388,918,540,708,992,271,054,886,931,387,707,835,027,641,838,865,779,205,221,037,421,523,742,502,675,636,314,622,581
296,865,413,829,798,281,696,614,977,647,799,684,062,577,066,265,616,873,444,683,653,520,821,220,637,866,172,229,769,472,109,577,316,251,869,549,753,598,852,770,158,347,606,475,983,912,533,075,210,377,354,991,268,267,838,515,833,004,592,358,167,226,980,117,815,535,914,005,491,642,652,865,541,618,238,035,826,497,012,902,593,797,357,800,305,423,328,422,508,461,281,345,825,336,527,909,240,864,293,024,412,813
73,094,504,307,515,365,390,367,894,848,155,203,120,790,653,573,811,867,729,296,764,199,192,759,522,045,603,876,612,420,425,355,774,651,916,025,048,206,897,142,558,410,013,568,792,973,937,268,249,552,677,679,898,910,710,338,570,488,707,902,604,226,058,085,695,017,237,312,515,550,852,306,665,746,349,929,656,002,654,474,971,654,151,124,427,850,290,388,065,438,523,708,300,830,756,376,862,759,816,290,120,176,359
8,343,542,873,266,556,398,911,854,010,643,165,912,367,195,520,301,754,955,037,678,891,926,799,438,087,675,957,338,877,551,455,204,791,837,787,461,313,537,420,848,493,585,342,560,921,158,903,355,273,156,212,379,581,361,307,779,459,748,239,056,813,982,009,280,669,354,421,301,214,100,007,903,792,034,038,663,957,741,401,273,415,929,147,232,619,558,781,672,307,955,970,112,453,511,541,499,196,402,548,184,344,381
7,100,665,548,720,027,541,367,412,817,355,646,732,540,692,141,094,827,853,369,694,295,614,249,021,600,124,416,785,863,711,477,963,413,503,413,755,163,868,268,176,441,646,595,512,513,590,421,107,143,412,123,910,987,005,056,980,998,604,168,416,604,265,222,647,055,637,086,610,634,100,648,277,116,545,750,145,500,528,286,773,402,963,778,518,918,624,879,490,685,644,478,372,675,246,251,293,747,079,963,800,288,561
100,986,790,840,907,684,062,391,088,860,991,873,175,357,541,258,100,614,952,090,284,502,652,072,672,915,211,911,969,751,067,840,526,239,338,199,748,687,709,360,929,642,651,525,404,379,114,512,086,392,060,903,634,627,001,427,168,459,177,278,709,740,959,371,308,390,221,584,822,533,240,806,117,499,985,841,880,994,719,914,002,986,057,120,851,430,988,404,137,821,954,909,944,751,302,730,507,649,377,819,689,834,319
109,887,934,417,998,059,031,941,997,035,800,463,955,774,661,637,627,161,571,312,490,258,487,794,600,897,752,430,478,254,428,207,168,401,550,646,978,823,961,410,051,870,993,389,011,364,944,254,658,658,268,138,048,589,098,680,379,810,951,252,189,023,604,545,088,619,522,941,694,613,775,351,737,341,039,238,428,812,104,253,522,327,599,591,143,497,773,023,898,473,185,836,009,119,332,143,681,511,507,309,537,866,127
5,716,139,477,391,629,373,804,227,012,265,351,574,169,211,418,344,712,912,364,151,084,784,503,419,405,775,543,392,920,029,633,953,205,236,344,265,296,865,256,900,029,091,540,365,031,693,740,187,605,693,926,815,674,237,672,049,135,292,397,549,912,586,373,108,932,983,707,755,610,541,487,775,210,715,578,363,048,415,421,956,874,057,346,907,162,044,735,498,206,152,405,913,423,885,778,492,302,124,692,038,178,673
142,933,535,712,459,126,678,028,727,565,864,008,469,892,230,240,460,969,403,603,996,380,347,212,479,757,235,585,314,235,330,473,565,233,114,897,487,835,010,102,960,465,207,784,489,869,300,223,630,829,628,927,605,989,976,148,097,117,910,807,981,338,596,254,179,969,218,328,658,983,833,211,863,117,445,389,368,428,567,021,209,755,229,846,177,220,394,133,485,124,177,911,559,765,494,052,773,383,305,268,504,053,617
32,154,630,454,046,944,375,732,613,270,362,888,323,500,455,120,470,575,854,399,189,217,843,155,332,363,022,855,471,716,460,897,370,693,442,462,126,715,140,346,978,182,338,196,524,748,266,646,970,905,583,866,627,795,833,507,009,741,253,293,361,055,981,567,845,654,980,640,335,837,189,981,284,094,747,799,233,190,266,365,628,852,900,588,791,598,606,464,344,560,983,097,712,067,661,716,678,968,665,088,810,699,139
60,876,766,693,224,080,593,106,616,905,163,234,886,552,735,062,881,983,399,273,690,872,014,110,694,169,820,016,522,459,244,411,151,174,940,316,269,148,551,618,900,759,821,960,920,688,481,438,192,392,256,310,437,402,064,441,677,085,283,173,692,849,508,381,408,283,767,250,251,294,548,004,996,082,943,189,259,257,063,490,774,590,893,620,889,963,279,285,518,734,875,984,385,836,360,554,310,738,905,692,674,386,103
17,501,994,503,456,925,541,841,877,852,870,262,143,875,081,689,489,727,112,448,868,204,858,292,966,976,495,879,658,400,157,662,135,487,081,623,834,472,164,298,009,288,954,781,342,485,796,115,745,884,703,735,809,131,968,443,796,914,686,551,131,957,416,974,799,291,776,571,693,183,614,231,786,566,403,899,769,856,863,277,021,630,307,683,160,192,190,609,725,525,238,721,427,859,456,042,577,984,872,935,104,664,613
79,958,184,740,758,960,366,302,531,327,254,767,962,689,177,529,743,465,844,156,497,168,863,984,906,510,433,575,108,697,351,356,360,598,054,817,051,317,541,845,768,213,374,024,042,367,498,147,305,359,921,688,774,217,220,622,250,957,620,794,478,691,711,504,986,409,487,835,989,311,739,143,617,283,483,107,056,865,397,735,514,304,520,168,062,787,641,515,059,406,405,193,433,333,582,536,952,651,766,011,457,953,899
50,999,625,425,798,359,412,296,097,677,201,883,546,969,027,816,880,294,138,930,801,990,628,663,716,723,818,390,786,242,511,149,757,060,240,634,572,322,432,723,074,599,064,709,049,814,720,777,713,551,613,215,228,536,927,403,370,323,991,791,838,421,625,138,812,054,933,410,626,722,343,099,357,916,390,481,204,934,846,180,067,972,043,843,305,733,866,159,708,486,302,479,474,516,696,636,488,875,902,562,176,245,331
151,948,587,260,450,534,832,889,145,414,886,825,159,312,460,562,928,016,793,883,239,552,993,676,653,131,642,417,317,057,444,801,674,017,155,798,142,266,851,263,116,639,201,696,928,117,638,552,991,988,380,798,023,897,739,300,525,812,809,383,061,660,345,166,005,490,460,234,982,410,930,068,164,539,288,902,225,660,114,317,827,408,731,166,651,769,065,235,428,927,981,927,702,367,866,925,975,239,487,109,553,145,353
125,617,832,497,775,877,410,878,718,506,894,240,183,452,044,069,236,206,942,965,651,441,487,884,763,979,002,974,889,575,925,102,509,094,401,539,920,669,096,706,226,571,177,159,396,044,440,122,612,398,868,398,363,417,899,014,662,187,838,887,268,972,330,409,956,668,286,686,761,546,882,937,373,999,353,543,912,309,741,791,457,962,694,951,260,514,417,662,646,900,872,986,102,155,886,880,992,111,999,495,083,513,599
14,516,913,085,129,917,204,229,994,886,547,344,639,616,428,871,693,238,607,201,804,686,836,633,888,380,041,165,478,304,066,396,271,832,887,446,339,521,186,764,314,092,246,711,582,973,212,088,469,099,353,646,252,225,820,218,079,432,917,424,472,952,458,456,978,403,046,967,532,318,250,838,969,576,134,825,809,654,502,787,822,973,833,686,697,989,330,088,764,865,039,711,997,144,105,033,285,653,581,120,124,158,491
118,943,993,640,183,613,756,781,627,691,985,022,900,860,749,741,442,425,417,246,149,271,057,431,965,467,290,801,371,375,391,213,555,876,954,558,958,811,318,162,293,563,301,778,325,915,501,088,899,245,213,311,956,411,149,886,456,661,251,028,454,839,145,765,980,255,491,438,456,051,860,088,248,816,283,982,556,458,606,393,557,530,693,602,626,340,777,250,748,377,543,491,276,822,608,078,423,782,957,078,885,614,337
157,130,156,912,657,062,258,811,514,528,161,354,364,302,652,698,699,470,136,395,670,144,180,092,758,910,059,937,270,681,253,788,697,449,279,629,971,523,559,475,378,665,321,704,879,514,327,575,441,533,377,158,637,267,711,781,704,978,510,622,984,516,284,886,847,607,243,790,480,308,785,499,567,665,172,738,406,006,515,379,098,479,353,190,482,683,709,028,305,765,402,424,149,679,571,962,988,711,226,493,140,306,137
8,569,769,828,715,884,283,153,016,294,748,444,758,630,562,668,262,371,963,607,823,306,131,390,124,764,878,137,930,764,724,524,558,909,720,636,542,985,641,359,194,711,481,536,183,730,008,028,845,133,483,668,111,555,350,534,319,153,165,944,202,470,767,676,750,633,318,908,906,343,275,854,502,715,504,770,546,240,344,963,638,760,612,662,304,338,316,922,577,199,597,777,856,645,027,201,095,463,029,652,717,346,811
97,394,287,140,559,201,782,697,954,729,709,297,468,743,386,704,622,030,363,829,834,210,972,607,297,288,514,391,555,392,280,768,633,845,590,009,001,146,316,562,992,357,786,349,795,810,818,910,258,029,827,156,824,695,063,868,111,317,968,170,520,717,092,464,597,530,282,298,833,740,640,891,261,046,785,211,060,137,576,297,053,392,830,466,551,662,917,914,030,159,916,548,258,174,827,118,209,556,776,306,207,237,769
26,701,259,527,816,761,932,820,428,108,002,969,358,004,169,294,499,244,074,764,951,754,101,777,372,104,212,502,145,359,028,955,960,353,857,215,636,597,726,242,407,200,083,102,644,516,866,308,472,147,255,635,184,265,715,081,969,888,537,633,099,616,282,095,040,237,150,137,758,693,172,768,978,349,822,814,912,480,190,559,692,374,903,212,038,196,794,091,249,496,233,438,676,714,257,114,288,221,626,590,305,554,001
150,349,563,661,993,354,791,043,904,873,440,621,355,938,646,483,859,373,570,248,329,420,611,163,416,703,470,929,147,675,847,004,318,669,851,372,150,267,626,046,008,828,860,376,080,671,196,617,724,712,619,492,708,758,851,198,471,907,253,467,154,357,668,627,576,138,407,707,997,002,244,158,014,296,835,677,064,486,961,009,101,403,533,232,805,194,923,167,269,354,583,679,284,415,957,015,949,193,448,043,067,165,893
80,107,733,303,751,597,620,941,720,675,002,301,499,475,676,289,627,757,387,757,531,897,123,331,192,400,770,240,640,759,966,661,557,107,029,139,589,533,383,530,562,684,772,418,524,371,241,147,541,010,278,514,240,433,710,922,500,455,932,701,295,891,633,854,838,367,090,211,037,972,397,579,717,328,307,421,551,828,359,225,396,086,037,302,837,143,681,349,737,819,241,377,855,118,717,115,627,735,543,486,642,674,061
33,927,903,169,033,835,216,563,089,350,520,950,688,741,628,809,359,967,566,014,872,050,488,744,076,953,194,196,084,772,992,884,399,809,953,900,573,883,158,514,163,010,903,154,099,023,009,380,856,537,479,127,450,506,065,809,909,980,988,162,053,443,413,997,828,709,013,302,753,776,498,331,577,953,347,041,817,406,506,734,414,398,049,361,946,154,388,462,172,704,310,643,599,787,488,650,427,875,955,040,057,464,107
157,842,112,019,938,728,051,559,997,000,911,055,996,542,327,149,245,903,045,339,051,066,457,155,022,778,402,687,625,249,093,644,086,425,994,919,041,760,361,529,921,687,371,252,577,390,007,740,807,584,120,362,542,067,094,388,235,651,049,201,593,196,100,247,314,175,928,274,081,142,928,623,107,707,762,476,399,481,369,873,925,791,164,739,898,429,607,717,846,501,304,443,389,194,564,433,341,100,515,381,753,724,023
82,047,945,649,227,609,206,788,324,653,956,331,352,089,300,397,397,669,352,608,104,098,312,638,322,805,994,524,670,307,725,631,474,920,525,892,167,850,730,354,018,453,923,868,078,364,983,144,272,034,805,611,130,831,912,020,897,431,272,025,218,391,233,749,719,940,706,614,956,654,948,252,429,856,498,855,378,961,175,629,227,875,311,321,356,893,691,301,637,815,271,097,180,168,263,929,902,504,080,429,771,715,153
155,192,017,338,935,458,547,784,836,258,109,030,637,735,319,120,351,610,489,457,351,330,154,242,977,249,496,374,166,421,192,616,932,274,017,568,497,286,900,373,920,141,496,567,039,493,359,587,197,588,243,541,909,487,575,669,724,980,331,889,069,763,137,474,644,161,090,990,076,141,260,075,718,477,913,362,479,520,180,092,854,374,939,350,739,152,284,311,204,698,366,930,939,914,740,239,866,588,044,364,442,462,401
93,892,515,887,812,819,187,340,983,183,884,115,223,875,866,087,854,937,503,913,482,548,166,459,036,536,116,325,805,644,609,202,778,304,296,104,091,971,398,578,711,629,983,480,915,260,354,653,250,343,243,067,881,340,083,537,467,879,233,479,549,306,616,183,076,832,663,246,301,300,975,898,832,744,972,173,803,296,624,514,925,736,654,410,159,194,309,481,812,295,260,213,966,052,229,453,363,400,043,543,674,778,351
71,154,981,261,052,882,209,537,350,617,836,660,734,524,257,324,918,377,279,982,149,371,298,364,855,437,259,865,953,625,079,079,054,508,128,238,504,781,984,185,346,859,845,090,925,067,823,557,223,855,984,802,951,104,138,097,059,899,060,626,290,313,205,224,225,005,765,017,105,705,418,647,575,740,130,400,694,104,538,114,804,639,645,604,775,319,104,912,994,258,004,761,724,271,436,884,377,222,696,188,219,384,911
49,745,564,710,251,898,278,214,360,975,466,848,125,783,033,142,964,614,780,587,107,186,327,872,994,943,915,638,316,032,544,102,136,749,240,520,221,270,601,416,209,572,689,704,892,739,281,640,822,566,392,419,145,284,269,398,457,140,421,381,142,801,370,119,153,948,570,855,902,484,704,946,416,750,242,233,004,535,587,058,434,434,017,771,564,663,155,988,572,441,188,163,374,376,794,829,653,699,624,993,685,139,131
136,973,213,904,282,686,314,978,406,021,209,838,327,156,921,854,126,204,994,763,839,437,346,297,858,482,530,995,681,745,185,736,385,362,898,359,297,444,545,465,819,058,665,570,351,329,576,673,710,827,709,417,155,388,418,212,507,416,398,157,486,097,958,183,293,530,815,838,199,870,108,779,413,488,182,312,373,659,786,493,459,397,748,852,777,663,353,101,044,619,014,041,101,055,597,670,501,381,361,291,341,195,041
5,291,428,218,067,319,286,319,372,990,193,275,224,072,438,529,394,012,119,425,670,674,240,002,946,793,391,296,207,921,747,842,208,613,180,909,406,500,979,454,569,803,780,186,452,322,160,262,677,237,922,307,978,557,396,065,695,243,346,540,988,904,475,124,965,552,037,914,809,138,090,691,576,023,292,044,290,104,355,442,466,937,700,113,376,668,799,006,963,533,679,220,928,722,768,590,322,028,449,411,068,297,267
101,906,768,954,696,199,558,487,031,932,175,496,549,046,334,189,658,239,039,817,201,410,877,210,246,816,359,392,439,718,032,067,247,909,210,336,384,268,064,187,638,213,549,952,390,316,515,682,625,685,639,870,738,693,763,586,146,507,472,745,176,257,706,724,322,475,210,538,920,892,487,446,737,667,175,080,980,389,748,468,315,096,073,143,167,691,475,270,926,243,946,053,896,172,162,249,931,069,158,162,021,968,029
117,185,654,127,450,733,873,547,562,680,039,909,738,018,366,726,195,862,857,577,133,839,807,644,632,345,909,984,006,601,167,532,684,453,678,025,622,886,075,712,714,288,159,232,679,338,414,317,599,380,667,824,994,180,490,994,787,440,100,906,885,910,532,949,230,229,698,510,468,668,636,130,598,595,775,082,562,098,776,538,919,570,106,306,961,360,954,764,470,776,893,932,555,597,103,988,522,269,109,683,584,947,261
46,739,366,455,607,882,519,797,601,688,167,342,759,791,197,936,013,529,808,146,134,891,720,580,048,386,121,830,741,784,736,382,688,087,024,064,846,406,226,425,489,963,798,844,865,319,115,856,766,643,680,872,157,522,983,103,376,587,763,686,993,458,564,817,151,793,815,862,514,709,521,273,793,988,780,690,428,022,369,093,166,894,695,180,324,410,568,165,521,389,647,041,210,229,520,329,470,737,052,225,313,172,163
149,132,679,031,719,330,926,144,357,965,618,151,770,992,403,431,502,243,322,095,802,005,136,012,395,910,483,473,948,758,276,678,875,998,848,852,999,180,110,793,006,634,733,469,562,077,860,124,761,414,791,388,658,365,444,381,633,981,292,977,699,663,847,897,283,678,470,294,087,769,095,593,845,937,843,326,002,196,823,838,108,187,883,095,731,416,649,460,074,263,520,157,952,572,195,765,388,551,035,362,002,839,707
41,207,330,873,183,210,893,571,482,854,885,077,673,197,728,909,664,831,288,747,598,107,607,507,986,213,498,897,528,053,776,180,455,307,479,944,759,342,533,600,094,716,206,518,635,215,992,489,094,952,857,457,289,180,058,996,314,073,663,900,897,339,839,580,300,742,452,567,406,603,225,548,783,361,428,669,881,786,487,801,369,701,373,886,608,144,745,289,029,602,830,482,225,759,120,558,641,355,676,469,827,036,483
3,457,753,900,200,089,730,262,777,662,365,089,720,184,732,335,702,178,056,043,164,631,651,170,498,675,989,311,987,270,913,877,480,828,269,993,764,478,332,020,873,581,457,238,969,410,113,138,901,846,051,965,198,138,108,805,426,099,310,690,812,235,199,830,560,655,577,881,639,514,662,631,607,037,552,214,324,873,596,064,815,664,048,888,022,476,798,523,084,695,305,734,478,985,444,571,128,758,801,541,048,359,231
71,911,595,988,936,642,127,493,230,937,527,154,365,034,787,958,190,852,071,683,185,940,471,822,644,652,113,028,394,809,434,658,879,429,743,939,062,056,969,357,773,232,005,355,773,680,832,497,885,907,485,255,186,528,286,300,443,543,718,353,279,894,472,552,086,466,400,688,124,732,209,235,115,734,156,070,375,340,343,012,354,516,077,495,381,876,283,362,335,794,631,992,342,176,617,065,292,268,232,679,938,040,637
91,982,786,316,807,626,133,075,394,431,114,888,297,773,743,213,511,836,183,252,433,572,542,884,589,432,293,836,923,334,784,737,725,898,232,478,505,187,412,697,156,719,311,162,727,949,228,900,361,755,008,644,586,199,525,872,447,004,906,232,681,297,832,117,705,199,321,893,327,401,214,834,256,561,012,101,376,138,887,250,466,721,506,980,844,795,039,052,619,295,989,149,534,775,395,912,367,643,814,480,041,301,233
50,306,423,671,100,443,641,166,596,146,042,604,731,898,589,282,293,461,716,127,391,433,469,353,519,498,254,075,232,564,134,324,650,276,798,128,865,090,510,812,170,641,697,967,231,312,872,545,246,309,676,032,238,215,187,313,036,578,023,123,203,061,293,009,735,551,352,337,890,290,127,518,246,457,636,084,126,011,055,860,109,126,771,557,616,133,052,865,601,683,691,525,549,265,356,524,826,480,914,669,501,040,111
142,146,155,832,969,644,370,634,657,032,545,887,023,522,649,479,301,875,195,633,465,004,910,181,043,645,490,331,490,145,931,389,550,358,854,302,475,819,703,814,261,734,558,400,605,383,076,021,954,862,272,851,957,810,517,435,616,460,124,016,906,839,183,834,883,281,503,538,268,554,448,707,670,141,012,029,716,650,896,952,961,650,525,423,893,792,832,749,483,232,206,054,329,783,627,845,711,120,889,841,453,434,599
118,469,350,086,599,631,049,609,879,289,340,803,491,450,947,764,758,285,576,521,386,033,480,796,341,793,041,036,232,994,392,067,481,686,907,145,240,461,857,888,334,042,125,274,921,317,724,341,799,365,889,945,981,563,761,513,318,876,933,664,823,089,871,084,576,205,167,326,009,804,861,257,504,394,221,932,076,142,444,705,921,181,505,162,475,978,835,818,230,036,022,901,021,750,808,863,755,746,104,508,404,092,351
128,187,717,460,232,802,172,233,741,397,586,701,878,145,215,679,664,683,288,053,439,962,863,055,200,397,422,676,171,736,000,000,475,190,229,291,182,909,427,744,650,782,172,377,593,875,168,373,104,299,318,986,486,043,149,777,135,438,993,990,879,561,570,893,699,012,716,040,783,534,456,861,754,257,069,071,094,470,035,972,421,947,071,789,709,599,429,962,043,266,369,734,637,159,664,526,503,065,437,008,572,476,769
136,727,539,500,460,223,739,416,478,779,533,464,532,472,855,333,031,833,858,176,480,338,004,760,031,000,058,104,089,941,430,334,240,194,218,857,524,363,747,299,539,807,606,774,024,149,470,055,743,671,480,718,808,555,129,857,170,467,488,964,480,462,740,512,545,685,219,219,912,042,803,533,521,523,443,355,967,054,283,800,685,205,327,920,276,925,107,464,005,349,362,211,752,177,807,852,769,078,265,610,902,566,009
177,800,145,089,651,162,976,562,792,674,084,323,553,994,017,088,073,752,471,198,746,954,595,327,562,964,250,951,334,406,333,599,082,031,792,269,335,137,177,857,563,672,394,280,192,528,884,647,322,851,908,974,194,259,030,947,048,393,303,568,590,798,444,817,801,826,767,774,368,727,929,457,941,364,820,593,108,003,195,673,056,492,701,871,579,034,866,943,580,773,482,361,899,980,227,668,977,607,986,097,800,249,357
168,496,635,915,490,669,884,297,891,455,989,285,814,253,715,345,623,968,300,403,260,279,241,354,440,173,865,325,887,752,197,056,034,822,482,029,779,146,372,509,568,032,487,129,726,674,407,148,983,443,960,942,229,067,466,672,739,886,311,788,343,701,827,011,988,839,654,648,125,200,009,497,498,104,089,089,363,986,695,692,387,585,904,596,300,216,346,886,515,005,640,039,938,935,447,447,802,214,045,624,432,169,447
42,216,026,097,238,571,219,157,905,543,544,651,121,821,638,471,033,407,154,624,679,792,990,132,502,946,555,153,978,105,288,983,427,187,189,733,758,969,595,801,908,559,140,064,410,110,148,757,744,819,154,215,901,666,627,849,191,797,326,241,595,252,991,230,311,388,216,513,637,504,231,663,746,099,914,551,814,916,387,167,897,193,667,844,333,875,041,794,507,836,797,679,056,167,564,252,230,902,151,069,172,662,183
125,588,800,342,586,804,776,701,992,175,394,744,477,997,757,208,866,407,735,597,435,247,355,282,336,993,810,510,965,892,875,554,120,217,903,973,776,501,612,989,542,659,395,622,458,875,950,157,005,341,598,664,312,795,334,663,658,865,624,990,434,832,504,355,473,726,456,717,210,337,161,731,848,918,807,979,547,209,745,475,401,132,331,210,943,887,490,600,934,539,979,846,538,319,271,709,738,016,819,729,797,350,051
171,281,092,549,506,408,722,312,317,607,543,605,539,056,738,249,241,899,823,843,061,451,505,353,895,104,605,093,137,938,317,261,723,912,389,514,589,804,167,898,567,697,518,774,479,733,985,213,536,365,564,623,537,180,727,651,758,430,978,056,688,679,362,417,163,529,928,364,499,076,818,237,506,155,223,032,452,763,390,741,318,524,203,485,812,064,019,539,407,005,657,060,659,935,896,687,429,689,709,484,208,484,537
95,352,843,548,019,482,536,778,809,625,439,747,022,977,161,854,478,852,975,855,162,913,446,793,737,437,882,203,059,266,315,737,327,520,450,097,092,930,567,533,389,422,355,814,062,779,032,628,180,660,847,843,367,227,909,381,125,190,914,319,000,812,747,004,851,712,553,588,767,466,963,862,085,941,519,916,977,623,452,373,144,833,815,260,175,556,454,178,376,249,763,235,177,628,539,441,481,648,970,059,969,637,679
164,208,931,446,279,428,117,255,714,901,909,474,390,378,898,912,883,776,245,892,372,245,734,651,447,959,023,794,883,014,798,355,105,926,974,933,227,364,128,168,030,860,356,771,556,250,424,947,819,160,253,409,656,715,595,642,563,517,946,256,340,086,397,172,040,831,159,859,170,434,766,830,593,270,087,840,253,928,886,233,687,608,973,839,398,916,795,759,925,088,224,446,935,609,268,530,571,072,552,003,304,589,837
9,649,437,413,427,194,452,793,764,610,649,241,897,738,837,974,507,154,439,769,154,221,793,507,545,175,297,089,160,500,266,031,789,794,893,367,134,705,906,523,128,587,867,883,635,821,770,598,665,051,914,834,670,833,967,101,166,808,478,413,553,032,276,599,035,411,583,373,073,067,995,943,433,669,586,662,869,255,941,119,938,853,054,290,653,962,316,163,899,307,583,302,657,382,807,482,241,718,786,235,944,441,701
170,558,295,442,583,197,106,300,972,660,680,463,510,515,902,253,273,366,323,256,033,402,759,937,116,936,262,411,796,368,756,316,024,607,163,441,828,086,824,551,357,764,584,875,419,011,830,688,738,849,464,129,675,058,413,546,546,995,359,849,943,848,268,531,820,641,259,002,426,852,296,679,469,563,692,304,167,284,488,292,346,000,237,255,038,984,752,852,453,397,907,697,053,034,832,809,540,244,712,540,762,628,609
152,216,080,939,277,072,807,399,588,285,116,185,118,191,890,472,459,333,648,016,533,513,401,244,749,534,209,948,626,604,042,291,727,751,606,692,522,764,407,825,377,087,340,772,141,883,089,884,115,366,757,244,491,244,779,027,671,024,638,765,899,556,299,152,243,295,992,097,970,662,279,111,629,916,992,821,169,271,178,237,009,666,680,527,316,837,239,650,126,351,289,200,802,912,421,821,253,445,014,895,114,186,239
169,796,248,202,163,821,851,241,786,173,474,444,889,176,294,919,092,045,160,152,061,233,798,798,120,546,835,356,551,851,167,692,773,646,715,364,207,369,664,039,345,377,543,046,366,480,579,973,057,357,771,654,025,622,947,179,561,283,419,361,577,996,188,038,807,497,656,529,681,406,280,810,366,907,258,757,904,037,436,319,049,661,827,377,931,120,461,678,760,333,721,797,249,609,666,924,783,750,403,361,117,002,873
129,433,676,292,523,270,664,833,304,445,507,032,665,657,078,166,824,438,861,224,294,332,896,492,056,331,249,262,982,768,365,403,864,752,326,802,423,491,824,884,028,173,827,083,649,498,469,127,762,805,426,591,930,833,097,272,622,440,520,456,390,900,778,230,943,927,343,623,203,296,010,872,007,613,577,413,231,302,002,079,721,385,451,556,972,971,922,018,929,403,267,395,034,183,583,935,887,165,551,346,092,963,101
66,597,093,691,920,989,120,903,036,340,709,593,749,068,200,341,139,434,862,435,424,395,431,047,447,615,280,326,771,589,366,888,898,799,374,696,276,818,762,960,781,119,302,790,497,621,405,155,809,299,133,358,324,802,373,280,874,093,791,929,760,758,709,980,680,315,037,036,953,390,011,797,308,173,945,355,135,760,688,158,399,020,540,009,793,208,053,543,693,164,116,612,155,593,186,649,007,785,146,652,350,042,303
151,683,296,482,329,126,393,608,052,387,675,477,268,229,031,532,980,596,194,927,346,630,160,829,985,166,347,258,047,072,846,575,488,916,198,990,311,150,641,011,110,452,573,596,152,581,014,063,367,597,774,878,206,307,934,029,286,328,017,955,544,385,249,789,868,426,990,851,506,041,593,033,738,597,035,899,768,437,486,528,827,232,854,789,955,023,869,641,613,491,648,901,197,928,848,578,953,560,805,625,547,736,593
76,542,637,713,299,641,470,359,177,340,670,556,367,903,896,174,305,727,451,099,120,307,147,330,738,343,077,109,186,742,393,390,616,889,208,077,731,502,114,039,467,718,791,173,839,243,725,063,508,273,109,854,530,780,517,538,254,874,049,876,092,666,375,439,973,919,444,073,019,309,002,322,398,953,058,984,653,044,206,844,711,740,612,149,684,636,504,147,892,618,049,483,187,508,587,129,086,677,535,844,208,082,521
52,653,964,960,408,247,432,576,857,926,811,295,303,368,487,905,876,236,710,911,841,770,474,287,371,118,360,474,953,594,465,153,562,674,647,581,102,307,944,283,751,740,100,509,391,976,928,130,170,990,861,242,310,530,382,209,664,750,841,031,186,421,049,192,791,678,285,844,633,380,748,631,056,546,821,496,720,188,779,367,051,594,326,089,707,533,352,988,295,432,046,456,850,409,019,986,506,542,478,060,938,193,101
62,165,932,492,293,389,265,623,180,117,685,546,833,807,813,032,232,527,410,995,354,592,567,728,087,175,675,875,257,861,182,990,387,921,915,577,703,212,335,477,822,820,332,969,193,499,013,995,940,477,941,772,590,728,610,979,667,416,908,835,163,169,004,986,576,731,197,502,569,926,213,016,063,681,485,701,807,468,054,857,977,342,739,439,606,201,369,327,989,951,649,770,004,138,453,376,794,130,870,132,237,753,279
74,643,864,010,387,380,597,377,530,301,618,601,795,728,809,850,836,602,326,646,150,627,599,224,384,180,366,970,579,304,981,070,151,321,905,684,658,408,746,396,669,563,197,163,309,705,073,369,581,457,850,132,275,139,292,771,167,608,146,540,564,295,047,924,730,677,346,923,504,952,446,000,692,164,850,625,659,305,678,652,720,495,094,237,578,266,553,568,849,286,628,713,239,425,873,237,503,065,911,582,098,283,731
171,760,859,881,431,187,818,350,692,462,101,184,444,877,088,165,508,113,830,554,486,295,478,794,335,789,216,614,141,341,481,591,561,167,793,805,196,225,716,389,554,880,623,951,838,041,298,139,480,094,646,447,534,027,536,164,746,925,245,033,929,758,124,832,261,536,033,002,427,395,640,380,145,410,151,451,581,271,164,602,747,085,973,022,423,070,742,471,404,091,322,523,115,660,851,463,288,910,868,442,499,994,051
135,728,376,438,982,620,787,167,133,615,596,115,740,788,983,184,284,186,904,940,134,558,166,118,541,444,827,269,914,624,290,193,632,147,838,564,913,763,726,384,260,857,745,613,360,756,672,201,242,025,668,575,346,926,691,499,932,827,708,714,187,731,314,979,643,025,170,588,745,127,172,821,317,992,126,916,822,067,526,291,009,320,685,634,441,264,573,702,194,798,356,968,027,013,866,741,637,284,415,960,174,075,407
67,202,748,921,471,966,076,375,575,483,113,663,195,129,242,866,287,772,358,294,325,056,221,783,951,624,041,991,183,341,801,685,350,731,403,471,981,259,061,041,737,585,440,515,630,060,625,149,196,823,014,809,322,676,770,744,952,087,297,975,773,631,890,410,815,759,432,487,864,929,525,322,958,625,706,227,796,674,340,366,632,442,438,146,021,273,309,497,151,888,964,074,120,313,042,664,086,052,113,079,120,080,827
47,189,283,344,189,437,455,027,443,097,278,163,946,037,399,906,498,697,165,294,789,003,988,743,891,429,997,115,274,335,718,788,116,728,689,641,104,842,093,351,778,647,469,114,731,077,589,282,812,151,329,964,897,832,239,605,880,387,137,031,859,892,544,373,585,943,768,339,049,576,382,437,992,055,614,273,229,813,455,031,142,053,602,368,515,508,605,408,453,307,863,517,032,419,450,445,304,191,129,576,914,123,079
95,577,799,555,508,321,921,687,201,349,056,597,162,855,293,945,523,863,821,780,845,686,221,193,459,148,362,662,283,416,224,202,291,446,645,892,858,844,545,022,067,281,462,581,518,369,360,805,138,653,792,708,481,327,119,822,684,886,380,277,661,386,127,692,833,317,748,171,148,077,325,995,036,154,200,036,006,209,511,185,670,551,550,816,118,428,133,153,914,492,108,731,886,448,251,099,466,078,668,699,571,314,723
14,945,678,921,569,947,450,433,577,485,965,228,342,983,366,049,561,285,719,578,374,149,961,795,849,928,417,518,358,869,689,395,208,585,053,944,066,478,256,873,533,450,116,291,058,859,296,245,147,499,452,149,192,524,421,432,380,815,051,896,655,324,126,658,145,084,568,812,571,095,831,795,929,103,167,241,194,848,010,501,307,513,343,213,010,651,617,148,725,206,088,348,000,152,535,548,383,370,435,477,551,134,473
151,402,054,788,174,983,084,885,260,356,101,934,671,503,688,306,885,477,192,623,303,109,219,917,089,592,621,103,958,388,920,602,144,361,724,803,293,100,199,408,697,760,614,177,130,696,756,059,788,149,159,536,869,584,092,897,440,413,218,163,002,586,898,065,925,904,100,080,982,734,550,916,726,136,544,159,993,987,246,964,266,401,133,080,404,771,119,349,453,241,991,224,190,510,469,845,736,280,068,668,210,314,743
151,402,054,788,174,983,084,885,260,356,101,934,671,503,688,306,885,477,192,623,303,109,219,917,089,592,621,103,958,388,920,602,144,361,724,803,293,100,199,408,697,760,614,177,130,696,756,059,788,149,159,536,869,584,092,897,440,413,218,163,002,586,898,065,925,904,100,080,982,734,550,916,726,136,544,159,993,987,246,964,266,401,133,080,404,771,119,349,453,241,991,224,190,510,469,845,736,280,068,668,210,314,743
126,621,617,282,602,518,069,591,734,360,620,635,861,000,419,095,899,628,128,550,128,368,679,587,546,090,827,575,528,892,076,247,785,512,397,194,628,959,924,590,709,285,059,505,332,916,650,756,307,557,630,854,683,793,082,399,003,080,036,096,885,164,844,337,417,152,551,237,267,173,304,258,277,350,086,845,085,284,522,614,488,856,459,382,039,260,925,803,500,697,095,131,394,061,835,095,939,198,188,979,697,451,767
23,852,408,119,390,725,194,263,971,778,014,856,100,607,620,767,996,142,315,894,705,104,526,547,431,538,388,235,381,719,946,022,292,466,318,815,316,505,648,047,818,790,731,352,613,916,243,781,909,573,843,203,527,792,136,262,665,844,478,740,543,412,151,014,386,510,852,499,699,725,415,701,387,519,257,112,097,107,736,576,669,893,764,473,237,949,429,621,172,111,328,003,599,147,953,429,672,263,372,612,976,000,769
84,832,762,841,462,068,652,593,889,775,000,656,741,737,823,033,213,944,000,968,661,454,053,039,042,606,025,013,089,417,114,646,730,879,256,758,166,072,683,952,150,642,883,842,138,474,370,549,966,205,153,673,405,664,586,339,517,905,124,817,365,161,886,706,489,570,162,833,418,674,931,632,446,241,338,686,935,877,129,844,792,450,430,762,000,238,954,865,221,457,555,594,451,326,817,097,748,206,939,539,442,412,367
30,586,530,835,603,651,737,738,774,391,070,711,200,089,937,853,447,691,205,930,859,898,735,093,085,696,943,825,563,364,651,060,963,748,435,795,902,507,979,805,066,571,393,229,264,666,005,342,251,012,804,348,001,535,963,849,784,104,161,942,705,179,310,071,288,849,401,852,500,504,467,657,703,045,923,348,768,096,186,954,615,145,214,056,171,973,572,386,009,836,466,715,887,752,861,328,959,686,877,364,029,415,051
85,957,040,795,946,132,993,785,316,571,277,197,615,978,375,276,623,667,770,631,977,612,358,242,588,960,249,366,763,230,455,369,825,154,416,375,368,182,403,580,011,084,917,345,566,755,363,105,499,543,198,116,955,051,668,078,567,865,269,752,967,770,996,609,130,544,228,080,870,260,781,552,832,633,795,700,148,668,200,821,887,725,663,739,606,359,778,523,967,112,910,740,051,940,135,299,716,908,328,164,386,001,111
66,735,433,040,672,162,346,526,304,911,875,313,553,017,484,896,485,592,244,080,724,048,892,544,551,885,433,799,155,060,839,463,116,423,296,688,966,511,238,237,204,922,166,259,796,948,818,306,926,743,434,037,948,535,591,588,849,047,077,486,372,325,366,732,608,749,846,214,389,211,995,579,378,703,173,269,599,135,005,849,607,036,928,786,720,623,923,307,917,471,043,302,960,805,326,939,188,241,766,635,761,811,921
70,036,982,044,757,304,405,812,514,374,973,106,307,871,027,449,518,022,129,632,798,933,653,899,785,939,958,129,177,008,320,820,411,710,757,447,845,592,928,324,868,312,475,169,933,905,511,791,175,410,364,879,864,255,429,404,037,059,937,694,003,694,924,294,711,904,722,630,250,214,001,994,594,773,725,944,607,007,935,724,552,969,552,167,097,685,695,298,365,057,821,116,913,629,566,359,604,468,112,898,300,629,579
70,036,982,044,757,304,405,812,514,374,973,106,307,871,027,449,518,022,129,632,798,933,653,899,785,939,958,129,177,008,320,820,411,710,757,447,845,592,928,324,868,312,475,169,933,905,511,791,175,410,364,879,864,255,429,404,037,059,937,694,003,694,924,294,711,904,722,630,250,214,001,994,594,773,725,944,607,007,935,724,552,969,552,167,097,685,695,298,365,057,821,116,913,629,566,359,604,468,112,898,300,629,579
144,164,355,264,994,239,480,037,703,754,227,330,099,064,055,247,713,098,415,898,930,280,727,077,292,633,186,662,439,757,864,976,703,983,000,435,417,499,474,058,265,253,830,145,413,022,774,932,046,528,310,335,454,228,977,528,322,822,327,545,730,576,372,524,870,941,069,078,734,321,862,891,457,397,691,067,921,283,687,736,443,659,694,080,971,339,676,532,243,267,763,770,881,192,426,550,758,982,339,346,218,503,657
144,982,123,639,066,386,729,766,249,298,441,570,624,408,102,390,250,980,350,455,012,977,482,587,059,813,247,378,179,955,507,889,778,297,891,609,371,730,358,514,345,285,028,872,634,797,392,188,095,391,307,975,389,474,966,795,065,733,716,913,479,543,897,026,659,682,814,324,326,331,258,239,234,901,966,292,883,164,632,689,162,597,244,440,022,251,222,735,889,038,772,124,342,744,677,404,076,729,000,454,135,143,787
20,663,891,069,112,990,967,812,409,125,644,232,369,244,234,069,248,305,920,412,191,518,371,745,490,698,518,967,911,575,652,938,352,481,007,347,284,846,652,110,205,597,407,964,369,662,295,224,658,933,326,438,639,184,303,950,954,590,330,613,388,790,530,489,464,305,249,424,532,165,371,287,344,653,989,548,494,315,725,408,518,021,295,729,950,297,595,829,536,402,965,565,929,100,995,391,272,017,092,688,921,141,059
139,872,310,036,457,522,370,906,947,233,430,246,882,096,225,473,216,731,380,897,209,950,630,987,751,374,080,267,453,849,912,557,658,208,323,226,549,944,097,453,097,437,603,337,781,370,590,253,183,700,417,057,078,102,448,114,503,031,472,511,932,414,349,182,504,371,298,135,209,874,539,126,047,298,482,470,064,035,523,066,795,444,950,786,494,113,981,837,695,158,738,311,250,690,707,613,852,817,459,663,783,295,993
49,366,906,268,234,386,675,730,537,523,424,795,058,088,560,988,120,858,273,546,522,955,393,159,550,237,686,802,639,809,329,983,095,352,925,285,126,245,379,255,322,464,725,981,354,592,714,497,239,969,509,185,309,092,179,722,538,962,076,075,725,888,577,763,307,468,783,335,601,691,967,131,731,431,976,536,444,905,962,445,079,194,481,352,213,784,475,879,712,161,975,848,852,390,482,354,351,536,084,644,847,180,943
96,798,193,638,919,615,528,747,957,535,924,844,206,743,823,100,476,283,676,823,980,880,094,716,318,277,918,922,753,462,396,786,075,451,003,567,927,578,099,780,622,145,941,731,352,500,752,205,854,664,631,953,197,096,054,868,942,273,797,963,992,094,876,645,194,598,741,120,180,986,178,556,306,730,660,480,520,423,102,243,989,845,063,923,375,653,763,373,577,198,063,035,411,512,141,086,125,020,339,152,991,128,867
155,926,530,715,324,107,574,851,389,163,834,695,730,072,232,912,028,702,102,941,082,350,141,497,406,424,912,793,502,248,112,736,118,787,348,986,214,072,944,139,317,538,920,636,446,405,671,773,277,556,570,273,009,660,465,296,336,942,720,056,791,435,434,189,803,248,630,816,165,665,154,458,946,786,279,145,499,136,784,867,818,016,200,437,166,584,474,664,587,211,039,231,795,352,116,093,146,190,866,750,274,265,379
117,450,270,406,912,128,396,794,162,259,355,420,083,613,932,348,962,172,553,258,025,171,427,881,395,699,317,294,362,986,231,108,051,438,457,160,631,313,350,144,520,888,574,444,109,969,247,567,431,663,290,500,439,215,435,470,760,051,287,930,729,813,759,136,153,311,250,215,845,868,428,520,158,314,353,013,399,979,854,549,464,542,416,472,373,599,394,664,983,983,371,719,877,267,227,794,847,594,729,454,262,898,577
106,768,475,363,362,965,866,841,138,629,773,739,607,610,134,751,366,272,661,304,002,456,279,212,931,024,522,834,503,747,170,788,530,916,897,903,697,595,431,728,680,206,422,474,722,218,570,849,117,119,002,701,034,951,845,138,920,822,610,871,914,476,208,680,018,751,986,822,443,146,397,618,567,709,977,397,616,366,017,079,104,577,686,056,532,933,081,998,753,380,826,575,684,618,590,792,906,317,360,536,953,594,931
178,898,098,446,169,907,805,254,569,164,876,907,184,153,638,398,418,614,288,284,021,630,588,390,009,611,289,104,833,111,680,750,233,801,828,608,645,671,838,458,896,526,877,858,250,943,436,365,094,598,572,087,628,033,885,268,202,483,638,868,265,164,280,724,760,879,350,855,975,165,627,698,037,425,107,118,610,707,222,176,326,839,673,398,275,930,751,418,400,697,898,671,216,439,939,801,073,403,844,601,086,428,543
102,436,276,683,883,130,375,721,779,977,120,742,430,589,161,107,940,800,829,934,805,913,842,191,129,622,227,204,928,538,112,258,627,258,252,929,447,756,839,236,020,146,025,953,639,415,425,048,373,269,564,407,260,477,473,776,721,890,937,161,003,961,162,840,383,451,103,508,631,525,838,103,610,224,896,156,211,591,455,216,785,031,998,596,486,535,001,837,713,952,759,503,353,341,666,883,101,985,289,898,208,580,659
163,468,108,508,619,178,956,531,431,544,232,440,579,251,674,219,281,033,276,055,842,111,811,081,787,810,627,981,090,810,974,731,707,859,109,184,043,560,092,235,664,904,269,274,770,000,670,713,793,177,064,921,942,757,919,307,227,801,024,038,508,915,045,968,534,033,781,185,578,483,291,465,333,718,200,012,423,471,587,495,717,147,860,961,887,576,751,468,303,384,378,361,736,590,090,469,737,543,071,085,067,393,349
13,699,593,005,601,029,438,508,786,295,220,041,493,323,508,940,740,090,558,558,476,922,381,209,486,579,281,432,311,229,203,150,884,519,533,594,446,786,926,272,786,140,646,507,130,647,680,166,664,956,167,559,348,721,903,636,031,532,821,311,296,451,916,485,658,976,488,987,457,300,773,402,597,476,529,117,624,799,717,936,737,155,610,456,931,574,861,518,554,332,600,086,538,275,778,931,647,831,791,420,813,185,533
163,976,041,457,616,027,923,456,923,068,782,489,870,058,859,482,870,955,617,417,532,253,691,325,345,098,440,672,781,197,985,291,356,795,788,382,057,856,063,816,817,944,915,215,625,425,429,009,224,631,399,251,523,975,107,736,266,173,163,683,733,969,014,317,120,399,544,473,911,475,333,842,178,164,249,705,551,415,212,767,928,959,566,859,093,447,239,530,211,939,568,374,181,376,065,260,597,632,616,842,886,527,811
60,222,546,972,960,152,109,846,814,182,408,269,764,751,387,011,681,856,577,192,503,652,273,202,625,306,373,738,793,565,182,790,484,546,663,413,065,864,282,650,588,338,974,749,808,548,486,097,372,715,703,331,200,572,890,684,682,936,815,119,127,237,853,594,927,919,883,459,820,391,857,656,103,870,108,246,790,229,520,528,652,023,856,776,519,289,206,682,678,679,690,156,158,977,506,122,723,618,823,422,326,253,083
141,806,707,429,439,429,678,923,082,940,495,012,038,679,175,518,652,569,060,658,630,048,457,655,852,285,990,657,360,710,003,089,574,777,504,430,478,888,215,426,645,266,026,216,005,694,258,517,624,318,406,145,029,411,144,225,280,291,083,369,174,651,353,217,194,515,005,186,820,399,794,503,582,245,686,130,568,455,986,575,283,130,529,712,503,217,827,782,613,052,194,359,870,687,069,204,269,032,324,527,770,807,091
69,727,637,013,176,522,570,219,741,542,940,909,391,078,734,869,185,579,669,127,948,903,747,048,134,144,707,676,839,642,581,352,917,092,794,111,050,786,192,257,414,073,457,127,700,762,704,387,151,836,334,203,025,038,358,980,425,434,675,450,881,700,468,986,147,374,163,057,958,492,559,483,438,935,160,828,210,588,360,092,319,039,769,790,490,678,315,710,017,363,184,355,860,464,755,181,840,614,309,088,423,382,087
126,626,848,009,085,620,204,699,764,630,253,529,394,467,644,028,290,008,287,990,878,985,243,703,857,879,811,023,798,246,946,250,432,864,733,120,026,346,257,619,353,780,862,281,373,551,995,130,075,064,198,207,365,423,066,572,001,217,150,417,911,400,264,281,599,382,614,031,876,842,420,476,339,709,392,098,144,176,023,628,233,146,585,306,583,804,697,902,242,664,616,780,970,438,988,547,565,893,521,058,913,746,539
105,538,768,654,309,187,098,704,206,795,941,764,235,547,030,844,464,223,420,968,385,951,100,395,696,375,047,497,337,996,443,952,594,873,458,848,522,460,573,990,797,970,540,541,262,275,410,973,159,901,032,173,664,917,892,558,174,535,978,364,462,693,003,165,572,136,354,417,254,248,912,491,940,490,789,518,819,923,978,435,578,317,761,726,975,618,520,993,875,312,117,236,158,582,254,636,237,570,710,051,272,818,529
44,576,291,669,167,545,102,779,300,319,958,004,766,368,961,003,822,273,514,418,706,307,021,354,989,668,481,718,401,409,520,122,606,369,690,737,473,397,876,510,803,646,825,295,053,071,091,126,378,889,177,893,683,262,323,150,330,177,376,717,658,406,214,336,922,294,129,025,443,423,877,148,976,700,504,846,098,263,488,901,581,344,009,904,591,812,956,596,464,128,806,007,359,116,360,504,102,008,073,422,227,457,511
169,688,504,803,075,264,577,879,126,412,573,257,489,856,067,531,302,225,561,540,994,955,003,521,830,132,754,163,737,996,019,279,229,799,269,503,881,690,095,706,996,104,961,563,194,459,497,683,250,922,546,873,728,891,073,156,096,869,724,457,826,799,273,386,733,449,765,616,234,381,465,704,089,211,540,656,175,304,946,241,247,386,179,018,330,167,072,082,809,580,137,369,076,733,042,629,712,558,203,779,033,197,397
57,428,130,876,194,776,904,894,763,274,419,707,059,091,265,829,578,915,620,280,211,145,737,997,554,956,880,202,838,806,125,239,940,031,204,848,882,543,764,698,248,841,965,557,874,879,273,969,664,065,142,475,788,170,459,301,410,704,564,324,146,210,465,761,173,578,409,197,422,055,311,917,070,310,799,854,726,896,376,831,483,339,828,634,859,273,397,336,996,343,106,680,351,229,681,941,384,471,909,749,720,429,053
17,890,271,329,944,663,886,327,193,142,964,111,031,315,042,805,640,341,545,477,366,695,636,941,885,220,504,956,719,055,705,405,414,023,135,477,711,356,972,771,833,092,758,143,458,135,550,915,232,965,575,359,609,495,575,527,359,505,928,616,213,657,054,421,329,196,432,964,939,052,767,824,136,094,181,082,953,698,930,992,323,718,074,693,778,323,745,477,014,588,085,990,138,647,595,736,975,625,521,285,242,229,393